0 0.07086953124999999 0.45079453125 0.0323640625 0.0328390625
0 0.17725546875 0.47060781250000006 0.0357609375 0.034965625
0 0.23996796874999998 0.45622890624999995 0.0236859375 0.0343328125
0 0.409484375 0.47614999999999996 0.031468750000000004 0.036675
0 0.47796562500000006 0.47559375 0.02468125 0.0324375
0 0.57097109375 0.49180390625000003 0.0325671875 0.0367328125
0 0.6813296875 0.40829062499999996 0.028284375 0.03845625
0 0.78161171875 0.47172187499999996 0.0413484375 0.03719375
0 0.8897046874999999 0.5336937500000001 0.035659375 0.0330125
0 0.95435 0.44838750000000005 0.030575 0.040525
