0 0.06904609375000001 0.48803828125 0.0318421875 0.0323265625
0 0.17541640625000002 0.4984484375 0.035207812500000005 0.034396875
0 0.23656171874999998 0.4794875 0.0231234375 0.033975
0 0.40762656249999996 0.48371718750000003 0.030878125 0.036184375000000005
0 0.47613984374999996 0.47696640625000003 0.0241546875 0.0320578125
0 0.5691140625 0.48686171875 0.031978125 0.0362234375
0 0.671640625 0.3940125 0.02765625 0.038024999999999996
0 0.7781953125000001 0.44795234375000004 0.040765625 0.036529687500000005
0 0.8910078125 0.50059609375 0.035140624999999995 0.032442187500000004
0 0.9477703125 0.409090625 0.029915625 0.04005625
