0 0.06850937500000001 0.4734484375 0.03076875 0.031271875
0 0.176409375 0.4869265625 0.034068749999999995 0.033228125
0 0.23755078125 0.46973906249999997 0.021976562499999998 0.033228125
0 0.40858437500000006 0.48008515625000003 0.02966875 0.0351703125
0 0.47560078125 0.47657343750000003 0.0230765625 0.031271875
0 0.570071875 0.48789765625000003 0.03076875 0.0351703125
0 0.67568828125 0.39981328125000004 0.0263765625 0.0371265625
0 0.77915546875 0.45664765625000003 0.0395609375 0.0351703125
0 0.890471875 0.5140734375 0.034068749999999995 0.031271875
0 0.9502218750000001 0.42422890625000004 0.028568749999999997 0.0390828125
